cl__1 = 13;
Point(10001) = {1e-05, 48.302693, 0, 13};
Point(10002) = {26.238919, 50.888699, 0, 13};
Point(10003) = {14.256177, 47.584993, 0, 13};
Point(10004) = {31.168253, 50.173292, 0, 13};
Point(10005) = {17.297693, 46.925593, 0, 13};
Point(10006) = {1e-05, 51.544483, 0, 13};
Point(10007) = {22.315926, 46.210968, 0, 13};
Point(10008) = {14.103422, 51.645065, 0, 13};
Point(10009) = {13.2275, 49.469143, 0, 13};
Point(10010) = {15.550353, 52.886747, 0, 13};
Point(10011) = {13.265698, 50.162874, 0, 13};
Point(10012) = {26.044043, 48.588091, 0, 13};
Point(10013) = {1.740308, 53.064524, 0, 13};
Point(10014) = {31.922641, 47.592772, 0, 13};
Point(10015) = {0.980461, 52.561556, 0, 13};
Point(10016) = {31.681397, 49.446123, 0, 13};
Point(10017) = {1e-05, 50.006354, 0, 13};
Point(10018) = {14.774068, 53.8456, 0, 13};
Point(10019) = {11.706505, 50.912502, 0, 13};
Point(10020) = {11.77933, 48.576945, 0, 13};
Point(10021) = {1e-05, 46.454252, 0, 13};
Point(10022) = {29.20851, 53.935165, 0, 13};
Point(10023) = {1e-05, 47.665228, 0, 13};
Point(10024) = {29.97793, 52.152846, 0, 13};
Point(10025) = {1e-05, 53.850872, 0, 13};
Point(10026) = {1e-05, 48.899925, 0, 13};
Point(10027) = {2.541186, 47.003232, 0, 13};
Point(10028) = {28.783564, 53.392594, 0, 13};
Point(10029) = {30.789389, 46.723601, 0, 13};
Point(10030) = {15.218033, 52.246642, 0, 13};
Point(20001) = {9.653938, 48.302693, 0, 13};
Point(20002) = {39.238919, 50.888699, 0, 13};
Point(20003) = {27.256177, 47.584993, 0, 13};
Point(20004) = {39.999999, 50.173292, 0, 13};
Point(20005) = {30.297693, 46.925593, 0, 13};
Point(20006) = {12.833929, 51.544483, 0, 13};
Point(20007) = {35.315926, 46.210968, 0, 13};
Point(20008) = {27.103422, 51.645065, 0, 13};
Point(20009) = {26.2275, 49.469143, 0, 13};
Point(20010) = {28.550353, 52.886747, 0, 13};
Point(20011) = {26.265698, 50.162874, 0, 13};
Point(20012) = {39.044043, 48.588091, 0, 13};
Point(20013) = {14.740308, 53.064524, 0, 13};
Point(20014) = {39.999999, 47.592772, 0, 13};
Point(20015) = {13.980461, 52.561556, 0, 13};
Point(20016) = {39.999999, 49.446123, 0, 13};
Point(20017) = {8.468030000000001, 50.006354, 0, 13};
Point(20018) = {27.774068, 53.8456, 0, 13};
Point(20019) = {24.706505, 50.912502, 0, 13};
Point(20020) = {24.77933, 48.576945, 0, 13};
Point(20021) = {11.032125, 46.454252, 0, 13};
Point(20022) = {39.999999, 53.935165, 0, 13};
Point(20023) = {8.249509, 47.665228, 0, 13};
Point(20024) = {39.999999, 52.152846, 0, 13};
Point(20025) = {11.869366, 53.850872, 0, 13};
Point(20026) = {9.051651, 48.899925, 0, 13};
Point(20027) = {15.541186, 47.003232, 0, 13};
Point(20028) = {39.999999, 53.392594, 0, 13};
Point(20029) = {39.999999, 46.723601, 0, 13};
Point(20030) = {28.218033, 52.246642, 0, 13};
Line(30001) = {10001, 20001};
Line(30002) = {10002, 20002};
Line(30003) = {10003, 20003};
Line(30004) = {10004, 20004};
Line(30005) = {10005, 20005};
Line(30006) = {10006, 20006};
Line(30007) = {10007, 20007};
Line(30008) = {10008, 20008};
Line(30009) = {10009, 20009};
Line(30010) = {10010, 20010};
Line(30011) = {10011, 20011};
Line(30012) = {10012, 20012};
Line(30013) = {10013, 20013};
Line(30014) = {10014, 20014};
Line(30015) = {10015, 20015};
Line(30016) = {10016, 20016};
Line(30017) = {10017, 20017};
Line(30018) = {10018, 20018};
Line(30019) = {10019, 20019};
Line(30020) = {10020, 20020};
Line(30021) = {10021, 20021};
Line(30022) = {10022, 20022};
Line(30023) = {10023, 20023};
Line(30024) = {10024, 20024};
Line(30025) = {10025, 20025};
Line(30026) = {10026, 20026};
Line(30027) = {10027, 20027};
Line(30028) = {10028, 20028};
Line(30029) = {10029, 20029};
Line(30030) = {10030, 20030};
Physical Line(222) = {30001, 30002, 30003, 30004, 30005, 30006, 30007, 30008, 30009, 30010, 30011, 30012, 30013, 30014, 30015, 30016, 30017, 30018, 30019, 30020, 30021, 30022, 30023, 30024, 30025, 30026, 30027, 30028, 30029, 30030};
